
1. Pattern 1 

    11111
    22222
    33333
    44444
    55555
	
	
	
2. Pattern 2 

    12345
    12345
    12345
    12345
    12345
	
	


3. Pattern 3 

    1
    22
    333
    4444
    55555	
	
	
	
4. Pattern 4   

    1
    12
    123
    1234
    12345
	
	
	
5. Pattern 5   

        1 
       1 2 
      1 2 3 
     1 2 3 4 
    1 2 3 4 5 
	
	
	
	
6. Pattern 6   

        1 
       2 2 
      3 3 3 
     4 4 4 4 
    5 5 5 5 5 
    
	
	
	
7. Pattern 7      

    12345
    1234
    123
    12
    1
	
	
	
	
8. Pattern 8    

    1 
    2 3 
    4 5 6 
    7 8 9 10 
    11 12 13 14 15 
	
	
	
	
9. Pattern 9             

    5 4 3 2 1 
     5 4 3 2 
      5 4 3 
       5 4 
        5 
		
		
		
		
10. Pattern 10            

     1 2 3 4 5 
      2 3 4 5 
       3 4 5 
        4 5 
         5
		 
		 
		 
		 
11. Pattern 11                    

             1 
           2 1 
         3 2 1 
       4 3 2 1 
     5 4 3 2 1
	 
	 
	 


12. Pattern 12                  

            1 
           2 1 2 
         3 2 1 2 3 
       4 3 2 1 2 3 4 
     5 4 3 2 1 2 3 4 5 
	 
	 
	 
	 
13. Pattern 13                       

          1 
          0 1 
          1 0 1 
          0 1 0 1 
          1 0 1 0 1
		  
		  
		  
		  
14. Pattern 14                      

      1 2 3 4 5 
       2 3 4 5 
        3 4 5 
         4 5 
          5 
         4 5 
        3 4 5 
       2 3 4 5 
      1 2 3 4 5 
	  
	  
	  
	  
	  
15. Pattern 15 

         1 
        1 1 
       1 2 1 
      1 3 3 1 
      
	  
	  
	  
16. Pattern 16

      1 
      1 2 
      1 2 3 
      1 2 3 4 
      1 2 3 4 5 
      1 2 3 4 
      1 2 3 
      1 2 
      1 





17. Pattern 17

      123456
      234561
      345612
      456123
      561234
      612345
	  
	  
	  


18. Pattern 18

      1 
      2 6 
      3 7 10 
      4 8 11 13 
      5 9 12 14 15 




19. Pattern 19

      10101
      01010
      10101
      01010
      10101
	  
	  
	  
20. Pattern 20

      1 
      1 2 1 
      1 2 3 2 1 
      1 2 3 4 3 2 1 
      1 2 3 4 5 4 3 2 1 